            0
  0.00000E+00  0.00000E+00  0.00000E+00  0.00000E+00  0.00000E+00  0.00000E+00  0.20295E-01  0.20295E-01  0.20295E-01  0.00000E+00
  0.00000E+00  0.00000E+00  0.00000E+00  0.00000E+00
   0.00000E+00  0.00000E+00  0.00000E+00  0.00000E+00  0.00000E+00  0.00000E+00  0.00000E+00  0.00000E+00  0.00000E+00  0.00000E+00
   0.00000E+00  0.00000E+00  0.00000E+00  0.00000E+00  0.00000E+00  0.00000E+00  0.00000E+00  0.00000E+00  0.00000E+00  0.00000E+00
   0.00000E+00  0.00000E+00  0.00000E+00  0.00000E+00  0.00000E+00  0.00000E+00  0.00000E+00  0.00000E+00  0.00000E+00  0.00000E+00
           48
  0.37128E-02  0.39028E-02  0.32341E-02  0.32695E-02  0.35164E-02  0.35106E-02  0.45819E-02  0.47414E-02  0.49819E-02  0.34364E-02
  0.34349E-02  0.23991E-02  0.18386E-02  0.13841E-02
   0.29376E-01  0.39781E-01  0.51613E-02 -0.20296E-01 -0.19847E-01  0.56107E-01  0.43709E-01 -0.31619E-01 -0.52946E-02  0.52854E-02
   0.51473E-01  0.24810E-01 -0.12462E-01 -0.31308E-01 -0.13176E-01  0.11079E-01 -0.67860E-01  0.22603E-02  0.20446E-01 -0.12852E-01
  -0.83180E-02 -0.12674E-01 -0.23984E-01 -0.14999E-01 -0.21319E-01  0.40806E-04  0.14410E-01  0.24558E-02  0.26262E-01  0.77217E-02
           96
  0.10503E-01  0.10312E-01  0.92025E-02  0.90560E-02  0.81413E-02  0.50890E-02  0.36320E-02  0.39675E-02  0.44739E-02  0.40896E-02
  0.44946E-02  0.39455E-02  0.32594E-02  0.23918E-02
   0.51888E-01  0.15077E-01 -0.19460E-01 -0.12110E-01 -0.16648E-01  0.21908E-01  0.47952E-01 -0.45768E-02  0.39369E-01  0.82991E-01
  -0.40110E-01 -0.27305E-01 -0.32622E-01 -0.35874E-01 -0.15527E-01 -0.10695E-02  0.14880E-01 -0.22449E-01  0.68062E-02  0.15137E-01
  -0.91767E-02 -0.11401E-01 -0.20913E-01 -0.11914E-01 -0.11819E-01 -0.57515E-02  0.45354E-02  0.65737E-02  0.19467E-02 -0.12998E-03
          144
  0.22180E-01  0.18753E-01  0.15055E-01  0.13058E-01  0.11620E-01  0.71639E-02  0.33913E-02  0.32029E-02  0.41877E-02  0.48973E-02
  0.51543E-02  0.46398E-02  0.38669E-02  0.28561E-02
   0.30296E-01 -0.92606E-02 -0.22366E-01 -0.81860E-02 -0.18379E-01 -0.34273E-03  0.21797E-01 -0.57793E-02 -0.37170E-02  0.22498E-01
  -0.20410E-01 -0.20384E-01 -0.18953E-01 -0.41043E-01 -0.27632E-01 -0.13079E-01 -0.15005E-01 -0.74298E-02  0.25892E-01  0.37900E-01
  -0.58497E-02 -0.46865E-02 -0.13466E-01 -0.11041E-01 -0.96726E-02 -0.50039E-02 -0.49972E-02 -0.14327E-02  0.32033E-02 -0.16814E-02
          192
  0.35191E-01  0.26274E-01  0.20130E-01  0.16993E-01  0.14273E-01  0.88020E-02  0.43382E-02  0.34552E-02  0.44535E-02  0.55929E-02
  0.56685E-02  0.50979E-02  0.42507E-02  0.31467E-02
   0.34041E-01 -0.66263E-03 -0.86090E-02  0.10717E-01  0.98932E-02  0.20346E-03  0.28382E-02  0.44521E-02  0.78431E-02  0.32705E-01
  -0.75415E-02 -0.13247E-01 -0.10029E-01 -0.40846E-01 -0.29004E-01 -0.16547E-01 -0.10470E-01 -0.91136E-02 -0.18318E-01 -0.13217E-01
  -0.74902E-03 -0.75727E-03 -0.81212E-02 -0.59981E-02  0.23885E-02  0.80839E-02  0.41049E-02  0.22810E-02  0.32713E-04 -0.65414E-02
          240
  0.59486E-01  0.34635E-01  0.24216E-01  0.20035E-01  0.16952E-01  0.10632E-01  0.54621E-02  0.41091E-02  0.50376E-02  0.61096E-02
  0.61255E-02  0.56054E-02  0.47142E-02  0.34846E-02
   0.43806E-01  0.13123E-01  0.57449E-02  0.22354E-01  0.23025E-01 -0.49079E-02 -0.22236E-01 -0.14566E-01 -0.32241E-01 -0.23694E-01
  -0.60674E-02 -0.66357E-02  0.42587E-03 -0.25563E-01 -0.12577E-01  0.19048E-03  0.12822E-03 -0.45939E-02 -0.22527E-02  0.27976E-01
   0.20068E-02  0.15608E-02 -0.35523E-02 -0.36350E-02  0.71475E-02  0.15913E-01  0.11081E-01  0.61537E-02  0.27522E-02 -0.12727E-02
          288
  0.74861E-01  0.38512E-01  0.26157E-01  0.22099E-01  0.19070E-01  0.12414E-01  0.64667E-02  0.47930E-02  0.55477E-02  0.64007E-02
  0.64182E-02  0.59258E-02  0.50425E-02  0.37427E-02
   0.15701E-01 -0.13709E-02  0.17640E-02  0.14577E-01  0.25470E-01  0.59005E-02 -0.23090E-01 -0.29158E-02 -0.82059E-02 -0.38344E-02
  -0.13630E-01 -0.17283E-01 -0.62304E-02 -0.17859E-01 -0.32327E-02  0.94925E-02  0.16822E-01  0.68270E-02 -0.10248E-01 -0.39368E-01
   0.36544E-02  0.39953E-02  0.15802E-02 -0.27322E-02  0.42249E-02  0.12773E-01  0.10824E-01  0.52487E-02  0.10111E-02 -0.23688E-02
          336
  0.93069E-01  0.43794E-01  0.28184E-01  0.23692E-01  0.20564E-01  0.13499E-01  0.72103E-02  0.52022E-02  0.58149E-02  0.66054E-02
  0.66385E-02  0.62144E-02  0.53191E-02  0.39558E-02
   0.16166E-01  0.45204E-02 -0.54581E-02 -0.49384E-02  0.76939E-02  0.19203E-02 -0.22020E-01 -0.19084E-02 -0.55562E-02  0.10482E-02
  -0.56098E-02 -0.11616E-01 -0.65240E-02 -0.15097E-01 -0.73808E-02  0.25696E-02  0.17820E-01  0.88587E-02  0.25791E-02  0.43770E-02
   0.30846E-02  0.20036E-02 -0.23382E-03 -0.56065E-02 -0.41694E-02  0.40332E-02  0.82900E-02  0.14197E-02 -0.26537E-02  0.91682E-05
          384
  0.10981E+00  0.47312E-01  0.28520E-01  0.23458E-01  0.20691E-01  0.14269E-01  0.81206E-02  0.58788E-02  0.62958E-02  0.69821E-02
  0.70331E-02  0.66197E-02  0.57317E-02  0.43084E-02
   0.23314E-01  0.11570E-01 -0.67249E-02 -0.95948E-02  0.29463E-02  0.21452E-02 -0.15839E-01  0.40759E-02  0.16387E-01  0.80464E-02
  -0.72140E-02 -0.16068E-01 -0.10969E-01 -0.95632E-02 -0.15455E-02  0.43620E-02  0.15277E-01  0.12015E-01 -0.29698E-02 -0.28577E-01
   0.21101E-02  0.14376E-02 -0.75033E-04 -0.46953E-02 -0.66895E-02 -0.11061E-02  0.59551E-02 -0.20581E-04 -0.47152E-02  0.76693E-03
          432
  0.12460E+00  0.49895E-01  0.28705E-01  0.23215E-01  0.20989E-01  0.15107E-01  0.90113E-02  0.66303E-02  0.68654E-02  0.74753E-02
  0.75592E-02  0.71232E-02  0.62245E-02  0.47437E-02
   0.17545E-01  0.11393E-01 -0.41897E-02 -0.86897E-02 -0.10560E-02 -0.11535E-02 -0.15242E-01 -0.29765E-02  0.10864E-01  0.14451E-01
   0.30562E-02 -0.42837E-02 -0.56223E-02 -0.87841E-02 -0.82397E-02 -0.73067E-02  0.62439E-02  0.40917E-02  0.42338E-02 -0.35564E-02
   0.13736E-02  0.17873E-02  0.18917E-02 -0.35234E-02 -0.61394E-02 -0.32207E-02  0.50465E-02  0.68248E-04 -0.32075E-02  0.23463E-02
          480
  0.13710E+00  0.51559E-01  0.28471E-01  0.22956E-01  0.21283E-01  0.16031E-01  0.99200E-02  0.73603E-02  0.74077E-02  0.79475E-02
  0.80500E-02  0.76601E-02  0.68498E-02  0.53267E-02
   0.64266E-02  0.77969E-02  0.23363E-02 -0.12690E-02  0.20054E-03 -0.19428E-02 -0.10784E-01 -0.32781E-03  0.15202E-01  0.10967E-01
   0.54379E-02 -0.91180E-03 -0.28714E-02 -0.35121E-02 -0.33531E-02 -0.27303E-02  0.75040E-02  0.14559E-01  0.56884E-02 -0.52211E-02
   0.16575E-02  0.23857E-02  0.39050E-02 -0.21715E-02 -0.49195E-02 -0.38721E-02  0.34296E-02  0.36426E-03 -0.27686E-02  0.29025E-02
          528
  0.14624E+00  0.52228E-01  0.28426E-01  0.23168E-01  0.21952E-01  0.17044E-01  0.10743E-01  0.78381E-02  0.77085E-02  0.81870E-02
  0.83127E-02  0.80966E-02  0.74102E-02  0.58374E-02
  -0.31116E-03  0.61786E-02  0.12600E-04 -0.56967E-02 -0.87670E-02 -0.79333E-02 -0.57649E-02  0.29702E-02  0.22076E-01  0.14578E-01
   0.43096E-02 -0.24000E-02 -0.46967E-02 -0.36299E-02 -0.43250E-02 -0.53651E-02  0.24356E-03  0.56167E-02  0.66275E-02 -0.30747E-02
   0.13876E-02  0.10128E-02  0.25850E-02 -0.29597E-02 -0.70766E-02 -0.67807E-02  0.35319E-03 -0.13716E-02 -0.28144E-02  0.29068E-02
          576
  0.15219E+00  0.52256E-01  0.28095E-01  0.23240E-01  0.22348E-01  0.17724E-01  0.11235E-01  0.80618E-02  0.78347E-02  0.83123E-02
  0.85293E-02  0.84490E-02  0.78366E-02  0.62166E-02
   0.35529E-03  0.49542E-02 -0.35489E-02 -0.60562E-02 -0.88283E-02 -0.95201E-02 -0.36761E-02  0.80852E-02  0.24847E-01  0.12123E-01
  -0.34231E-02 -0.97435E-02 -0.10056E-01 -0.63401E-02 -0.54453E-02 -0.63219E-02 -0.11673E-02  0.45156E-02 -0.54194E-03 -0.77566E-02
   0.54288E-03  0.12242E-03  0.99614E-03 -0.23176E-02 -0.66772E-02 -0.67741E-02 -0.16200E-02 -0.21463E-02 -0.30076E-02  0.24563E-02
          624
  0.15864E+00  0.53473E-01  0.27967E-01  0.23079E-01  0.22521E-01  0.18202E-01  0.11642E-01  0.82550E-02  0.79368E-02  0.84416E-02
  0.87253E-02  0.87265E-02  0.81183E-02  0.64167E-02
   0.22464E-02  0.28964E-02 -0.66078E-02 -0.43580E-02 -0.72474E-02 -0.12307E-01 -0.36261E-02  0.76153E-02  0.21404E-01  0.25830E-02
  -0.19697E-02 -0.75198E-02 -0.86080E-02 -0.52513E-02 -0.49914E-02 -0.69637E-02 -0.41701E-02 -0.25158E-02 -0.18821E-03 -0.86368E-02
  -0.45598E-03 -0.50198E-03  0.18777E-03 -0.11414E-02 -0.37443E-02 -0.36383E-02 -0.98312E-03 -0.27148E-02 -0.42389E-02  0.85283E-03
          672
  0.16331E+00  0.54101E-01  0.27471E-01  0.22707E-01  0.22516E-01  0.18540E-01  0.12035E-01  0.85115E-02  0.81202E-02  0.86302E-02
  0.89485E-02  0.89687E-02  0.82798E-02  0.64845E-02
   0.35392E-02  0.22401E-02 -0.26359E-02  0.24086E-02 -0.19672E-02 -0.14147E-01 -0.89743E-02  0.56321E-02  0.13023E-01 -0.11299E-01
  -0.10069E-02 -0.49691E-02 -0.57054E-02 -0.36857E-02 -0.45690E-02 -0.54318E-02 -0.29409E-02 -0.52859E-02 -0.49667E-02 -0.13307E-01
  -0.56040E-03  0.19301E-04  0.42110E-03  0.30318E-03  0.42119E-04  0.35275E-04  0.84528E-03 -0.12986E-02 -0.31552E-02  0.46737E-03
          720
  0.16994E+00  0.55731E-01  0.27413E-01  0.22549E-01  0.22730E-01  0.19055E-01  0.12601E-01  0.89625E-02  0.84606E-02  0.89265E-02
  0.92108E-02  0.91576E-02  0.83688E-02  0.65057E-02
   0.68097E-03  0.23678E-04  0.41132E-03  0.60389E-02  0.10090E-02 -0.12066E-01 -0.10738E-01  0.58436E-02  0.13045E-01 -0.11997E-01
   0.33841E-04 -0.20107E-02 -0.23818E-02 -0.18374E-02 -0.35008E-02 -0.34247E-02 -0.15931E-02 -0.26052E-02  0.19367E-02 -0.11505E-01
  -0.22661E-03  0.36148E-03  0.82515E-03  0.11008E-02  0.21743E-02  0.21453E-02  0.15613E-02 -0.95131E-03 -0.32772E-02  0.45521E-04
          768
  0.17514E+00  0.56831E-01  0.27519E-01  0.22720E-01  0.23114E-01  0.19589E-01  0.13180E-01  0.94344E-02  0.88005E-02  0.91657E-02
  0.93551E-02  0.92098E-02  0.83505E-02  0.64762E-02
  -0.16725E-02 -0.17121E-02  0.81273E-03  0.41085E-02 -0.57838E-03 -0.10946E-01 -0.12775E-01  0.60558E-02  0.12281E-01 -0.10124E-01
  -0.20863E-02 -0.33044E-02 -0.25182E-02 -0.22021E-02 -0.37944E-02 -0.23310E-02  0.79174E-03 -0.22499E-02  0.22310E-02 -0.11894E-01
   0.77803E-04  0.22051E-03  0.41047E-03  0.96702E-03  0.22212E-02  0.21858E-02  0.15615E-02 -0.94861E-03 -0.28435E-02 -0.78720E-04
          816
  0.18240E+00  0.58475E-01  0.28042E-01  0.23216E-01  0.23604E-01  0.20043E-01  0.13624E-01  0.97976E-02  0.90304E-02  0.92723E-02
  0.93334E-02  0.90847E-02  0.81894E-02  0.63620E-02
  -0.85950E-03 -0.19569E-02 -0.36737E-03  0.13369E-02 -0.11255E-02 -0.88691E-02 -0.13919E-01  0.44256E-02  0.13972E-01 -0.19170E-02
  -0.25580E-02 -0.31072E-02 -0.25813E-02 -0.34325E-02 -0.57686E-02 -0.59378E-02 -0.29996E-02 -0.25676E-02  0.44362E-02 -0.12496E-01
  -0.32653E-04 -0.17332E-03 -0.31344E-03  0.75280E-03  0.20406E-02  0.21411E-02  0.10903E-02 -0.16116E-02 -0.39173E-02 -0.73771E-03
          864
  0.19155E+00  0.60295E-01  0.28530E-01  0.23639E-01  0.23939E-01  0.20237E-01  0.13821E-01  0.99824E-02  0.91072E-02  0.92259E-02
  0.91622E-02  0.88203E-02  0.79232E-02  0.61668E-02
   0.16800E-02 -0.10403E-02  0.74682E-04  0.14116E-02  0.81763E-03 -0.64777E-02 -0.15251E-01 -0.46325E-03  0.89316E-02  0.33975E-03
  -0.25075E-02 -0.25393E-02 -0.20593E-02 -0.30952E-02 -0.57727E-02 -0.64247E-02 -0.30265E-02 -0.24316E-02  0.32918E-02 -0.11421E-01
  -0.15489E-03 -0.21231E-03 -0.56507E-03  0.78793E-03  0.25300E-02  0.27754E-02  0.13266E-02 -0.17543E-02 -0.40327E-02 -0.11607E-02
          912
  0.20089E+00  0.61583E-01  0.28803E-01  0.23864E-01  0.24024E-01  0.20135E-01  0.13743E-01  0.99337E-02  0.90165E-02  0.90658E-02
  0.89282E-02  0.85174E-02  0.76040E-02  0.59112E-02
   0.16797E-02 -0.16999E-02  0.95993E-03  0.24765E-02  0.29681E-02 -0.39871E-02 -0.15230E-01 -0.35055E-02  0.49224E-02  0.32429E-02
  -0.10124E-02 -0.40648E-03 -0.49408E-03 -0.25325E-02 -0.64413E-02 -0.94238E-02 -0.74970E-02 -0.57640E-02  0.33194E-03 -0.14257E-01
  -0.62196E-04  0.86583E-04 -0.24324E-03  0.82512E-03  0.29034E-02  0.33604E-02  0.23290E-02 -0.58379E-03 -0.36804E-02 -0.19285E-02
          960
  0.21038E+00  0.62606E-01  0.28740E-01  0.23717E-01  0.23834E-01  0.19888E-01  0.13599E-01  0.98745E-02  0.89511E-02  0.89672E-02
  0.87915E-02  0.83310E-02  0.73832E-02  0.57180E-02
   0.10265E-02 -0.19311E-02  0.16498E-02  0.24450E-02  0.38448E-02  0.50055E-03 -0.10219E-01 -0.28612E-02  0.22524E-02  0.63734E-02
  -0.11359E-03  0.76763E-03  0.84692E-03 -0.73868E-03 -0.43230E-02 -0.77020E-02 -0.66719E-02 -0.51555E-02 -0.11538E-02 -0.14436E-01
   0.19513E-03  0.28593E-03 -0.35527E-04  0.41010E-03  0.20150E-02  0.25439E-02  0.25216E-02  0.66204E-03 -0.27634E-02 -0.23359E-02
         1008
  0.21887E+00  0.63356E-01  0.28586E-01  0.23450E-01  0.23590E-01  0.19710E-01  0.13570E-01  0.99213E-02  0.89952E-02  0.89771E-02
  0.87676E-02  0.82769E-02  0.73057E-02  0.56463E-02
  -0.52711E-04 -0.26261E-02 -0.31792E-03 -0.12340E-02  0.12599E-02  0.33924E-02 -0.45647E-02 -0.14002E-02  0.70332E-03  0.83522E-02
   0.94843E-04  0.41758E-03  0.61622E-03 -0.28865E-03 -0.31853E-02 -0.66077E-02 -0.66340E-02 -0.59079E-02 -0.28995E-02 -0.17932E-01
   0.42199E-03  0.15763E-03 -0.39949E-03 -0.67739E-03 -0.21661E-03  0.41219E-03  0.17965E-02  0.10754E-02 -0.26340E-02 -0.29912E-02
         1056
  0.22584E+00  0.63934E-01  0.28530E-01  0.23301E-01  0.23506E-01  0.19703E-01  0.13702E-01  0.10094E-01  0.91217E-02  0.90328E-02
  0.87712E-02  0.82772E-02  0.73183E-02  0.56727E-02
  -0.30413E-03 -0.30050E-02 -0.28453E-02 -0.47067E-02 -0.10820E-02  0.57737E-02  0.10781E-02  0.22914E-03 -0.17543E-02  0.87402E-02
   0.47728E-04 -0.68843E-03 -0.72600E-03 -0.86260E-03 -0.29487E-02 -0.65538E-02 -0.70840E-02 -0.60207E-02 -0.35769E-02 -0.18068E-01
   0.44205E-03 -0.14336E-03 -0.91388E-03 -0.18520E-02 -0.24083E-02 -0.15714E-02  0.65479E-03  0.95214E-03 -0.27173E-02 -0.33834E-02
         1104
  0.23210E+00  0.64531E-01  0.28605E-01  0.23384E-01  0.23683E-01  0.19918E-01  0.13940E-01  0.10299E-01  0.92506E-02  0.90713E-02
  0.87460E-02  0.82522E-02  0.73384E-02  0.57241E-02
  -0.91812E-03 -0.32400E-02 -0.41254E-02 -0.54911E-02 -0.10068E-02  0.74684E-02  0.50989E-02  0.34697E-03 -0.61965E-02  0.59582E-02
   0.89426E-03 -0.78931E-03 -0.14305E-02 -0.81064E-03 -0.18897E-02 -0.51735E-02 -0.60182E-02 -0.54567E-02 -0.33387E-02 -0.16588E-01
   0.38043E-03 -0.30738E-03 -0.10853E-02 -0.26429E-02 -0.34502E-02 -0.22745E-02  0.10562E-03  0.84850E-03 -0.28094E-02 -0.35926E-02
         1152
  0.23621E+00  0.64756E-01  0.28709E-01  0.23657E-01  0.24058E-01  0.20228E-01  0.14154E-01  0.10434E-01  0.93015E-02  0.90462E-02
  0.86686E-02  0.81778E-02  0.73017E-02  0.57198E-02
  -0.15582E-02 -0.33159E-02 -0.39109E-02 -0.42096E-02  0.46390E-03  0.85164E-02  0.71114E-02  0.19990E-03 -0.10258E-01  0.35335E-02
   0.12363E-02 -0.10160E-02 -0.17682E-02 -0.96857E-03 -0.17820E-02 -0.44235E-02 -0.54687E-02 -0.50785E-02 -0.29779E-02 -0.13628E-01
   0.36286E-03 -0.28021E-03 -0.92991E-03 -0.29776E-02 -0.34040E-02 -0.19515E-02  0.15471E-03  0.10417E-02 -0.26749E-02 -0.38249E-02
         1200
  0.23865E+00  0.64540E-01  0.28618E-01  0.23889E-01  0.24430E-01  0.20525E-01  0.14311E-01  0.10503E-01  0.93141E-02  0.90153E-02
  0.86087E-02  0.81096E-02  0.72259E-02  0.56517E-02
  -0.18936E-02 -0.32870E-02 -0.41484E-02 -0.32401E-02  0.11967E-02  0.93051E-02  0.85250E-02  0.29533E-03 -0.11314E-01  0.37284E-02
   0.85821E-03 -0.13702E-02 -0.20292E-02 -0.12398E-03 -0.35371E-03 -0.20509E-02 -0.28132E-02 -0.21492E-02 -0.10093E-02 -0.10009E-01
   0.32753E-03 -0.25914E-03 -0.81402E-03 -0.31226E-02 -0.32934E-02 -0.16970E-02  0.18704E-04  0.10919E-02 -0.25042E-02 -0.38950E-02
         1248
  0.23942E+00  0.63923E-01  0.28322E-01  0.23975E-01  0.24672E-01  0.20770E-01  0.14476E-01  0.10609E-01  0.93800E-02  0.90505E-02
  0.86164E-02  0.80824E-02  0.71483E-02  0.55554E-02
  -0.15512E-02 -0.35275E-02 -0.53276E-02 -0.42387E-02  0.18658E-03  0.88558E-02  0.91164E-02 -0.55676E-04 -0.10890E-01  0.57545E-02
  -0.14060E-03 -0.25350E-02 -0.25371E-02 -0.45022E-03 -0.35906E-03 -0.14711E-02 -0.16863E-02 -0.64938E-03  0.36513E-03 -0.74106E-02
   0.29852E-03 -0.15671E-03 -0.99328E-03 -0.33108E-02 -0.35634E-02 -0.18627E-02 -0.19545E-03  0.89632E-03 -0.24239E-02 -0.37273E-02
         1296
  0.23842E+00  0.62882E-01  0.27854E-01  0.23936E-01  0.24811E-01  0.20998E-01  0.14724E-01  0.10823E-01  0.95393E-02  0.91526E-02
  0.86708E-02  0.80871E-02  0.70849E-02  0.54715E-02
  -0.48071E-03 -0.36975E-02 -0.65939E-02 -0.51143E-02 -0.27028E-03  0.87803E-02  0.99370E-02 -0.14998E-03 -0.98849E-02  0.83307E-02
  -0.76584E-03 -0.32577E-02 -0.32266E-02 -0.12909E-02 -0.12045E-02 -0.23201E-02 -0.24311E-02 -0.53198E-03  0.84179E-03 -0.51558E-02
   0.22786E-03 -0.88398E-05 -0.11058E-02 -0.33529E-02 -0.37381E-02 -0.19456E-02 -0.26763E-03  0.95827E-03 -0.21242E-02 -0.34492E-02
         1344
  0.23633E+00  0.61788E-01  0.27406E-01  0.23909E-01  0.24959E-01  0.21272E-01  0.15058E-01  0.11124E-01  0.97605E-02  0.92846E-02
  0.87318E-02  0.81028E-02  0.70543E-02  0.54339E-02
   0.46739E-03 -0.38110E-02 -0.70372E-02 -0.51218E-02 -0.12940E-04  0.85822E-02  0.10452E-01 -0.75684E-03 -0.94468E-02  0.10410E-01
  -0.50965E-03 -0.29942E-02 -0.33532E-02 -0.19638E-02 -0.19692E-02 -0.28979E-02 -0.28073E-02 -0.42699E-03  0.16349E-02 -0.26239E-02
   0.25502E-03  0.23529E-03 -0.10283E-02 -0.32764E-02 -0.35659E-02 -0.16464E-02  0.33743E-04  0.13129E-02 -0.15950E-02 -0.29159E-02
         1392
  0.23317E+00  0.60646E-01  0.27036E-01  0.23986E-01  0.25204E-01  0.21588E-01  0.15388E-01  0.11405E-01  0.99502E-02  0.93795E-02
  0.87544E-02  0.81007E-02  0.70440E-02  0.54357E-02
   0.72292E-03 -0.38614E-02 -0.64301E-02 -0.42547E-02  0.10652E-02  0.84210E-02  0.10004E-01 -0.17251E-02 -0.10881E-01  0.95077E-02
   0.51777E-04 -0.24013E-02 -0.31907E-02 -0.26362E-02 -0.31418E-02 -0.40926E-02 -0.38791E-02 -0.11249E-02  0.14322E-02  0.83559E-04
   0.37955E-03  0.49001E-03 -0.76628E-03 -0.31074E-02 -0.31694E-02 -0.10989E-02  0.53465E-03  0.17727E-02 -0.11431E-02 -0.26586E-02
         1440
  0.22886E+00  0.59435E-01  0.26751E-01  0.24162E-01  0.25524E-01  0.21878E-01  0.15607E-01  0.11551E-01  0.10022E-01  0.93896E-02
  0.87220E-02  0.80723E-02  0.70330E-02  0.54452E-02
   0.52317E-03 -0.37535E-02 -0.55422E-02 -0.34925E-02  0.20993E-02  0.90846E-02  0.10230E-01 -0.19380E-02 -0.11637E-01  0.82787E-02
   0.27406E-03 -0.20715E-02 -0.28869E-02 -0.26565E-02 -0.33788E-02 -0.40499E-02 -0.36023E-02 -0.64790E-03  0.15773E-02  0.23333E-02
   0.53015E-03  0.65320E-03 -0.52235E-03 -0.30077E-02 -0.29889E-02 -0.75396E-03  0.97799E-03  0.21871E-02 -0.72142E-03 -0.21997E-02
         1488
  0.22413E+00  0.58380E-01  0.26524E-01  0.24317E-01  0.25782E-01  0.22064E-01  0.15677E-01  0.11550E-01  0.99828E-02  0.93338E-02
  0.86551E-02  0.80123E-02  0.69933E-02  0.54252E-02
   0.50627E-03 -0.36967E-02 -0.52779E-02 -0.35098E-02  0.22278E-02  0.95952E-02  0.10701E-01 -0.17512E-02 -0.11277E-01  0.69313E-02
   0.63804E-04 -0.22273E-02 -0.29486E-02 -0.25357E-02 -0.29884E-02 -0.33062E-02 -0.26073E-02  0.20109E-03  0.14327E-02  0.37485E-02
   0.60462E-03  0.70932E-03 -0.41067E-03 -0.29850E-02 -0.31398E-02 -0.81425E-03  0.11632E-02  0.23278E-02 -0.52729E-03 -0.16489E-02
         1536
  0.21908E+00  0.57408E-01  0.26329E-01  0.24386E-01  0.25898E-01  0.22134E-01  0.15655E-01  0.11477E-01  0.99027E-02  0.92643E-02
  0.85931E-02  0.79401E-02  0.69177E-02  0.53622E-02
   0.10915E-02 -0.34190E-02 -0.55376E-02 -0.40074E-02  0.18029E-02  0.96581E-02  0.11209E-01 -0.14369E-02 -0.97141E-02  0.57784E-02
  -0.17448E-03 -0.23611E-02 -0.30786E-02 -0.24381E-02 -0.24016E-02 -0.24730E-02 -0.17157E-02  0.13098E-02  0.15758E-02  0.40194E-02
   0.58528E-03  0.70542E-03 -0.39912E-03 -0.29540E-02 -0.34004E-02 -0.11268E-02  0.10041E-02  0.20592E-02 -0.63743E-03 -0.11606E-02
         1584
  0.21429E+00  0.56599E-01  0.26200E-01  0.24394E-01  0.25916E-01  0.22173E-01  0.15658E-01  0.11446E-01  0.98655E-02  0.92312E-02
  0.85649E-02  0.78823E-02  0.68306E-02  0.52815E-02
   0.18303E-02 -0.30523E-02 -0.58958E-02 -0.48135E-02  0.94456E-03  0.89365E-02  0.11013E-01 -0.14262E-02 -0.73417E-02  0.57701E-02
  -0.22007E-03 -0.22167E-02 -0.30278E-02 -0.24479E-02 -0.20655E-02 -0.16721E-02 -0.78383E-03  0.23756E-02  0.20351E-02  0.45372E-02
   0.56030E-03  0.78013E-03 -0.39767E-03 -0.29022E-02 -0.35779E-02 -0.14810E-02  0.68360E-03  0.16135E-02 -0.81805E-03 -0.65462E-03
         1632
  0.20989E+00  0.55937E-01  0.26164E-01  0.24482E-01  0.26017E-01  0.22307E-01  0.15771E-01  0.11514E-01  0.99004E-02  0.92419E-02
  0.85639E-02  0.78459E-02  0.67578E-02  0.52162E-02
   0.24660E-02 -0.27156E-02 -0.59398E-02 -0.51234E-02  0.44959E-03  0.80004E-02  0.10185E-01 -0.17662E-02 -0.49307E-02  0.60342E-02
  -0.53332E-04 -0.19328E-02 -0.29544E-02 -0.26631E-02 -0.23975E-02 -0.19668E-02 -0.10352E-02  0.23517E-02  0.19451E-02  0.44615E-02
   0.55907E-03  0.90975E-03 -0.29799E-03 -0.28352E-02 -0.35418E-02 -0.15679E-02  0.44599E-03  0.11808E-02 -0.97775E-03 -0.14256E-03
         1680
  0.20561E+00  0.55277E-01  0.26210E-01  0.24726E-01  0.26294E-01  0.22562E-01  0.15965E-01  0.11634E-01  0.99556E-02  0.92520E-02
  0.85545E-02  0.78223E-02  0.67119E-02  0.51812E-02
   0.26631E-02 -0.24115E-02 -0.55649E-02 -0.49350E-02  0.62695E-03  0.72732E-02  0.90173E-02 -0.24233E-02 -0.31143E-02  0.64095E-02
   0.24196E-03 -0.15570E-02 -0.27708E-02 -0.28209E-02 -0.26542E-02 -0.24127E-02 -0.15709E-02  0.18639E-02  0.17281E-02  0.43621E-02
   0.59906E-03  0.10742E-02 -0.13750E-03 -0.26962E-02 -0.33289E-02 -0.13602E-02  0.43741E-03  0.96845E-03 -0.99347E-03  0.37569E-03
         1728
  0.20177E+00  0.54677E-01  0.26242E-01  0.25002E-01  0.26634E-01  0.22838E-01  0.16148E-01  0.11726E-01  0.99795E-02  0.92364E-02
  0.85256E-02  0.78071E-02  0.66980E-02  0.51774E-02
   0.26971E-02 -0.22272E-02 -0.52214E-02 -0.45223E-02  0.12546E-02  0.66160E-02  0.73709E-02 -0.33637E-02 -0.23048E-02  0.58721E-02
   0.61795E-03 -0.11168E-02 -0.25497E-02 -0.27684E-02 -0.24779E-02 -0.22898E-02 -0.18625E-02  0.11704E-02  0.14047E-02  0.44581E-02
   0.65136E-03  0.11825E-02  0.51961E-04 -0.25410E-02 -0.29240E-02 -0.93321E-03  0.58666E-03  0.90854E-03 -0.91383E-03  0.85762E-03
         1776
  0.19817E+00  0.54067E-01  0.26199E-01  0.25191E-01  0.26906E-01  0.23042E-01  0.16253E-01  0.11753E-01  0.99595E-02  0.91984E-02
  0.84849E-02  0.77943E-02  0.67019E-02  0.51872E-02
   0.29412E-02 -0.19536E-02 -0.46781E-02 -0.38006E-02  0.21083E-02  0.61424E-02  0.56025E-02 -0.44497E-02 -0.26038E-02  0.42397E-02
   0.10434E-02 -0.64313E-03 -0.21678E-02 -0.22683E-02 -0.18829E-02 -0.18337E-02 -0.19629E-02  0.34933E-03  0.85587E-03  0.41836E-02
   0.71011E-03  0.12602E-02  0.21808E-03 -0.22781E-02 -0.22905E-02 -0.31332E-03  0.81204E-03  0.87066E-03 -0.89840E-03  0.11196E-02
         1824
  0.19485E+00  0.53455E-01  0.26092E-01  0.25257E-01  0.27061E-01  0.23162E-01  0.16291E-01  0.11728E-01  0.99106E-02  0.91518E-02
  0.84448E-02  0.77794E-02  0.67012E-02  0.51837E-02
   0.31333E-02 -0.15665E-02 -0.40775E-02 -0.30851E-02  0.25075E-02  0.54906E-02  0.38940E-02 -0.50987E-02 -0.26138E-02  0.32561E-02
   0.15149E-02 -0.12787E-03 -0.14980E-02 -0.14385E-02 -0.96786E-03 -0.10704E-02 -0.16312E-02 -0.16958E-03  0.21618E-03  0.38363E-02
   0.75375E-03  0.12818E-02  0.38782E-03 -0.20036E-02 -0.16848E-02  0.20223E-03  0.10429E-02  0.91580E-03 -0.72041E-03  0.15112E-02
         1872
  0.19205E+00  0.52976E-01  0.25974E-01  0.25216E-01  0.27091E-01  0.23214E-01  0.16303E-01  0.11702E-01  0.98818E-02  0.91363E-02
  0.84390E-02  0.77814E-02  0.67054E-02  0.51766E-02
   0.29113E-02 -0.13707E-02 -0.34204E-02 -0.24667E-02  0.26022E-02  0.49181E-02  0.24631E-02 -0.52812E-02 -0.19296E-02  0.34360E-02
   0.21432E-02  0.36127E-03 -0.89092E-03 -0.73226E-03 -0.39346E-03 -0.66484E-03 -0.16021E-02 -0.79416E-03 -0.48749E-03  0.29507E-02
   0.77000E-03  0.12693E-02  0.55282E-03 -0.17100E-02 -0.12028E-02  0.52113E-03  0.12448E-02  0.99892E-03 -0.49715E-03  0.19695E-02
         1920
  0.18952E+00  0.52590E-01  0.25923E-01  0.25196E-01  0.27118E-01  0.23285E-01  0.16357E-01  0.11728E-01  0.99044E-02  0.91662E-02
  0.84748E-02  0.78111E-02  0.67269E-02  0.51855E-02
   0.24016E-02 -0.13529E-02 -0.27461E-02 -0.19373E-02  0.24746E-02  0.45178E-02  0.11931E-02 -0.55639E-02 -0.14886E-02  0.38450E-02
   0.28660E-02  0.98262E-03 -0.38917E-03 -0.38336E-03 -0.33978E-03 -0.77869E-03 -0.18784E-02 -0.15768E-02 -0.12282E-02  0.17229E-02
   0.75867E-03  0.12022E-02  0.68528E-03 -0.14243E-02 -0.85361E-03  0.64294E-03  0.13436E-02  0.11040E-02 -0.26280E-03  0.22977E-02
         1968
  0.18755E+00  0.52386E-01  0.25992E-01  0.25288E-01  0.27237E-01  0.23427E-01  0.16474E-01  0.11808E-01  0.99641E-02  0.92178E-02
  0.85256E-02  0.78549E-02  0.67621E-02  0.52156E-02
   0.19441E-02 -0.12434E-02 -0.19666E-02 -0.13005E-02  0.24903E-02  0.42836E-02  0.11541E-03 -0.59153E-02 -0.13608E-02  0.42478E-02
   0.34055E-02  0.15517E-02  0.10419E-04 -0.32127E-03 -0.57861E-03 -0.12220E-02 -0.23281E-02 -0.23867E-02 -0.18680E-02  0.53747E-03
   0.71531E-03  0.10852E-02  0.76696E-03 -0.11177E-02 -0.51785E-03  0.76483E-03  0.14856E-02  0.13209E-02  0.32708E-04  0.25999E-02
         2016
  0.18597E+00  0.52324E-01  0.26155E-01  0.25493E-01  0.27453E-01  0.23619E-01  0.16615E-01  0.11896E-01  0.10018E-01  0.92547E-02
  0.85585E-02  0.78880E-02  0.67925E-02  0.52499E-02
   0.16891E-02 -0.97629E-03 -0.10590E-02 -0.47640E-03  0.29377E-02  0.44207E-02 -0.66937E-03 -0.65135E-02 -0.20818E-02  0.39219E-02
   0.36734E-02  0.19339E-02  0.40469E-03 -0.21790E-03 -0.78216E-03 -0.16138E-02 -0.28241E-02 -0.30828E-02 -0.23298E-02 -0.53161E-03
   0.64091E-03  0.94923E-03  0.82282E-03 -0.78263E-03 -0.14618E-03  0.96800E-03  0.17234E-02  0.16130E-02  0.23319E-03  0.26560E-02
         2064
  0.18468E+00  0.52291E-01  0.26324E-01  0.25718E-01  0.27672E-01  0.23776E-01  0.16707E-01  0.11935E-01  0.10026E-01  0.92507E-02
  0.85573E-02  0.78981E-02  0.68039E-02  0.52674E-02
   0.14147E-02 -0.90076E-03 -0.39670E-03  0.11454E-03  0.32222E-02  0.47463E-02 -0.10007E-02 -0.70709E-02 -0.34052E-02  0.30017E-02
   0.37144E-02  0.21467E-02  0.79705E-03  0.18219E-03 -0.43776E-03 -0.13419E-02 -0.28001E-02 -0.33465E-02 -0.24009E-02 -0.12073E-02
   0.56890E-03  0.84663E-03  0.84887E-03 -0.52529E-03  0.90183E-04  0.10710E-02  0.19623E-02  0.19266E-02  0.35530E-03  0.25968E-02
         2112
  0.18382E+00  0.52252E-01  0.26411E-01  0.25849E-01  0.27791E-01  0.23842E-01  0.16724E-01  0.11916E-01  0.99899E-02  0.92187E-02
  0.85368E-02  0.78930E-02  0.67996E-02  0.52637E-02
   0.12888E-02 -0.10785E-02 -0.20526E-03  0.17037E-03  0.29874E-02  0.50996E-02 -0.49994E-03 -0.69543E-02 -0.43390E-02  0.23077E-02
   0.36505E-02  0.22822E-02  0.11210E-02  0.68170E-03  0.32639E-03 -0.63890E-03 -0.25454E-02 -0.33908E-02 -0.23729E-02 -0.18450E-02
   0.51067E-03  0.74143E-03  0.81155E-03 -0.40146E-03  0.35591E-04  0.89057E-03  0.20120E-02  0.20711E-02  0.32774E-03  0.25273E-02
         2160
  0.18309E+00  0.52126E-01  0.26388E-01  0.25853E-01  0.27787E-01  0.23827E-01  0.16698E-01  0.11880E-01  0.99548E-02  0.91973E-02
  0.85297E-02  0.78953E-02  0.67984E-02  0.52537E-02
   0.12730E-02 -0.12041E-02 -0.46064E-03 -0.42916E-03  0.21552E-02  0.53165E-02  0.61173E-03 -0.61812E-02 -0.45588E-02  0.22291E-02
   0.36830E-02  0.24231E-02  0.13298E-02  0.11235E-02  0.11854E-02  0.25065E-03 -0.22138E-02 -0.34162E-02 -0.24089E-02 -0.27038E-02
   0.46186E-03  0.62947E-03  0.68706E-03 -0.45254E-03 -0.33178E-03  0.38347E-03  0.17989E-02  0.19689E-02  0.18405E-03  0.25019E-02
         2208
  0.18261E+00  0.51971E-01  0.26319E-01  0.25792E-01  0.27732E-01  0.23805E-01  0.16698E-01  0.11881E-01  0.99589E-02  0.92099E-02
  0.85503E-02  0.79196E-02  0.68186E-02  0.52603E-02
   0.11300E-02 -0.13319E-02 -0.88051E-03 -0.14744E-02  0.94778E-03  0.53771E-02  0.19388E-02 -0.49579E-02 -0.41057E-02  0.27726E-02
   0.37578E-02  0.24380E-02  0.13972E-02  0.13759E-02  0.16824E-02  0.69555E-03 -0.22589E-02 -0.37521E-02 -0.26158E-02 -0.35648E-02
   0.46314E-03  0.53396E-03  0.48899E-03 -0.68446E-03 -0.87739E-03 -0.25757E-03  0.14389E-02  0.17898E-02  0.97033E-04  0.26455E-02
         2256
  0.18242E+00  0.51888E-01  0.26293E-01  0.25772E-01  0.27736E-01  0.23848E-01  0.16763E-01  0.11941E-01  0.10009E-01  0.92530E-02
  0.85897E-02  0.79606E-02  0.68632E-02  0.52953E-02
   0.10303E-02 -0.14763E-02 -0.12421E-02 -0.20751E-02  0.11272E-03  0.53798E-02  0.30719E-02 -0.39773E-02 -0.40569E-02  0.25199E-02
   0.38993E-02  0.24124E-02  0.12859E-02  0.14377E-02  0.17602E-02  0.58163E-03 -0.26977E-02 -0.44504E-02 -0.31285E-02 -0.45811E-02
   0.42560E-03  0.37137E-03  0.29677E-03 -0.96832E-03 -0.13198E-02 -0.71037E-03  0.10874E-02  0.15665E-02  0.19525E-05  0.27926E-02
         2304
  0.18237E+00  0.51892E-01  0.26362E-01  0.25856E-01  0.27852E-01  0.23971E-01  0.16872E-01  0.12024E-01  0.10070E-01  0.92975E-02
  0.86250E-02  0.80020E-02  0.69173E-02  0.53468E-02
   0.49663E-03 -0.15601E-02 -0.12551E-02 -0.20140E-02  0.17272E-03  0.54481E-02  0.35293E-02 -0.36125E-02 -0.51452E-02  0.85479E-03
   0.40974E-02  0.23560E-02  0.10659E-02  0.12998E-02  0.16339E-02  0.32335E-03 -0.31789E-02 -0.52943E-02 -0.37225E-02 -0.55303E-02
   0.37422E-03  0.27521E-03  0.14807E-03 -0.11500E-02 -0.14819E-02 -0.78276E-03  0.97321E-03  0.14956E-02 -0.26475E-04  0.28285E-02
         2352
  0.18257E+00  0.52009E-01  0.26520E-01  0.26038E-01  0.28068E-01  0.24152E-01  0.16990E-01  0.12095E-01  0.10112E-01  0.93231E-02
  0.86439E-02  0.80300E-02  0.69591E-02  0.53905E-02
   0.38770E-04 -0.17688E-02 -0.11603E-02 -0.15651E-02  0.93693E-03  0.59331E-02  0.35995E-02 -0.36076E-02 -0.66968E-02 -0.10948E-02
   0.40419E-02  0.22719E-02  0.99691E-03  0.11062E-02  0.14039E-02  0.22359E-03 -0.34482E-02 -0.59966E-02 -0.42393E-02 -0.62506E-02
   0.34359E-03  0.14839E-03  0.84409E-04 -0.12119E-02 -0.13375E-02 -0.51002E-03  0.10884E-02  0.16018E-02  0.57892E-04  0.28115E-02
         2400
  0.18285E+00  0.52172E-01  0.26692E-01  0.26232E-01  0.28286E-01  0.24315E-01  0.17070E-01  0.12125E-01  0.10122E-01  0.93286E-02
  0.86504E-02  0.80425E-02  0.69763E-02  0.54081E-02
   0.14930E-03 -0.15975E-02 -0.10085E-02 -0.87860E-03  0.18163E-02  0.66694E-02  0.36794E-02 -0.37883E-02 -0.81460E-02 -0.25094E-02
   0.37965E-02  0.22296E-02  0.90466E-03  0.14641E-02  0.18662E-02  0.90036E-03 -0.27901E-02 -0.57291E-02 -0.42721E-02 -0.73715E-02
   0.25096E-03  0.41581E-04  0.16681E-04 -0.11698E-02 -0.10938E-02 -0.14713E-03  0.13050E-02  0.17925E-02  0.15294E-03  0.27274E-02
         2448
  0.18321E+00  0.52305E-01  0.26816E-01  0.26370E-01  0.28439E-01  0.24433E-01  0.17123E-01  0.12140E-01  0.10125E-01  0.93350E-02
  0.86613E-02  0.80503E-02  0.69731E-02  0.53981E-02
   0.16324E-03 -0.16834E-02 -0.11818E-02 -0.87981E-03  0.21195E-02  0.70788E-02  0.38010E-02 -0.38933E-02 -0.89606E-02 -0.25517E-02
   0.33404E-02  0.18194E-02  0.97465E-03  0.15945E-02  0.22356E-02  0.14192E-02 -0.21995E-02 -0.51669E-02 -0.37407E-02 -0.77289E-02
   0.22123E-03  0.43278E-04 -0.10979E-03 -0.12196E-02 -0.10487E-02  0.16794E-04  0.14869E-02  0.19644E-02  0.26812E-03  0.27287E-02
         2496
  0.18371E+00  0.52403E-01  0.26870E-01  0.26431E-01  0.28515E-01  0.24515E-01  0.17185E-01  0.12180E-01  0.10155E-01  0.93639E-02
  0.86894E-02  0.80672E-02  0.69693E-02  0.53833E-02
   0.20831E-03 -0.19562E-02 -0.16968E-02 -0.13108E-02  0.19358E-02  0.74236E-02  0.43456E-02 -0.37118E-02 -0.89319E-02 -0.12748E-02
   0.29993E-02  0.15145E-02  0.89662E-03  0.17192E-02  0.26368E-02  0.20234E-02 -0.16275E-02 -0.44564E-02 -0.30683E-02 -0.80288E-02
   0.18111E-03  0.55176E-04 -0.21837E-03 -0.13438E-02 -0.12434E-02 -0.12146E-03  0.15000E-02  0.20145E-02  0.27650E-03  0.27085E-02
         2544
  0.18423E+00  0.52462E-01  0.26880E-01  0.26458E-01  0.28564E-01  0.24597E-01  0.17280E-01  0.12262E-01  0.10219E-01  0.94135E-02
  0.87280E-02  0.80946E-02  0.69794E-02  0.53832E-02
   0.30717E-03 -0.22417E-02 -0.22642E-02 -0.19019E-02  0.14738E-02  0.75371E-02  0.50416E-02 -0.35125E-02 -0.87411E-02  0.15506E-03
   0.28479E-02  0.13752E-02  0.72760E-03  0.15722E-02  0.26669E-02  0.21428E-02 -0.15018E-02 -0.41557E-02 -0.26993E-02 -0.81298E-02
   0.18459E-03  0.90836E-04 -0.33902E-03 -0.15400E-02 -0.15358E-02 -0.38275E-03  0.13843E-02  0.19656E-02  0.23892E-03  0.26835E-02
         2592
  0.18487E+00  0.52527E-01  0.26893E-01  0.26501E-01  0.28633E-01  0.24693E-01  0.17393E-01  0.12360E-01  0.10291E-01  0.94600E-02
  0.87575E-02  0.81231E-02  0.70041E-02  0.54029E-02
   0.43450E-03 -0.23387E-02 -0.26166E-02 -0.23131E-02  0.12621E-02  0.75759E-02  0.56163E-02 -0.33510E-02 -0.87209E-02  0.10534E-02
   0.27455E-02  0.12229E-02  0.52462E-03  0.12624E-02  0.23621E-02  0.17818E-02 -0.18315E-02 -0.42831E-02 -0.27417E-02 -0.81482E-02
   0.20355E-03  0.11399E-03 -0.43945E-03 -0.17417E-02 -0.17778E-02 -0.56057E-03  0.12906E-02  0.19138E-02  0.19675E-03  0.26210E-02
         2640
  0.18559E+00  0.52634E-01  0.26934E-01  0.26573E-01  0.28731E-01  0.24791E-01  0.17486E-01  0.12434E-01  0.10338E-01  0.94838E-02
  0.87666E-02  0.81423E-02  0.70336E-02  0.54326E-02
   0.42719E-03 -0.23518E-02 -0.27441E-02 -0.24159E-02  0.14599E-02  0.77734E-02  0.59167E-02 -0.34589E-02 -0.92655E-02  0.93969E-03
   0.25736E-02  0.95597E-03  0.29323E-03  0.10434E-02  0.20267E-02  0.14071E-02 -0.21967E-02 -0.45821E-02 -0.30810E-02 -0.82607E-02
   0.24013E-03  0.15147E-03 -0.49510E-03 -0.19043E-02 -0.18851E-02 -0.57097E-03  0.12987E-02  0.19142E-02  0.16384E-03  0.24894E-02
         2688
  0.18629E+00  0.52773E-01  0.26998E-01  0.26648E-01  0.28819E-01  0.24858E-01  0.17530E-01  0.12458E-01  0.10346E-01  0.94818E-02
  0.87590E-02  0.81476E-02  0.70526E-02  0.54536E-02
   0.40662E-03 -0.24946E-02 -0.28467E-02 -0.22623E-02  0.18250E-02  0.80395E-02  0.60408E-02 -0.37320E-02 -0.10272E-01  0.25855E-05
   0.23704E-02  0.65082E-03  0.35738E-04  0.91682E-03  0.19004E-02  0.12927E-02 -0.23137E-02 -0.48804E-02 -0.35335E-02 -0.84892E-02
   0.25912E-03  0.19213E-03 -0.50198E-03 -0.19940E-02 -0.18781E-02 -0.46083E-03  0.13809E-02  0.19715E-02  0.15520E-03  0.23656E-02
         2736
  0.18706E+00  0.52941E-01  0.27066E-01  0.26694E-01  0.28862E-01  0.24883E-01  0.17530E-01  0.12445E-01  0.10330E-01  0.94697E-02
  0.87490E-02  0.81429E-02  0.70528E-02  0.54540E-02
   0.46238E-03 -0.25969E-02 -0.29993E-02 -0.20605E-02  0.22263E-02  0.83291E-02  0.62143E-02 -0.37809E-02 -0.11012E-01 -0.68804E-03
   0.21930E-02  0.44196E-03 -0.15142E-03  0.87298E-03  0.20410E-02  0.15306E-02 -0.20680E-02 -0.48439E-02 -0.36926E-02 -0.86368E-02
   0.26671E-03  0.21908E-03 -0.47780E-03 -0.20060E-02 -0.18202E-02 -0.33179E-03  0.14841E-02  0.20337E-02  0.17458E-03  0.23312E-02
         2784
  0.18779E+00  0.53121E-01  0.27127E-01  0.26702E-01  0.28858E-01  0.24885E-01  0.17524E-01  0.12435E-01  0.10325E-01  0.94703E-02
  0.87524E-02  0.81391E-02  0.70408E-02  0.54390E-02
   0.59386E-03 -0.25713E-02 -0.31641E-02 -0.21456E-02  0.23438E-02  0.84977E-02  0.62844E-02 -0.37580E-02 -0.11331E-01 -0.64367E-03
   0.20209E-02  0.31421E-03 -0.21643E-03  0.83079E-03  0.21508E-02  0.19102E-02 -0.16536E-02 -0.45218E-02 -0.34784E-02 -0.85749E-02
   0.29220E-03  0.27524E-03 -0.47591E-03 -0.19990E-02 -0.17850E-02 -0.28428E-03  0.15274E-02  0.20504E-02  0.19737E-03  0.23527E-02
         2832
  0.18851E+00  0.53281E-01  0.27180E-01  0.26704E-01  0.28849E-01  0.24901E-01  0.17551E-01  0.12461E-01  0.10349E-01  0.94917E-02
  0.87706E-02  0.81430E-02  0.70282E-02  0.54230E-02
   0.85915E-03 -0.25716E-02 -0.34017E-02 -0.23461E-02  0.21405E-02  0.84684E-02  0.63412E-02 -0.37147E-02 -0.11211E-01  0.15945E-03
   0.18867E-02  0.17071E-03 -0.27868E-03  0.82820E-03  0.21761E-02  0.20983E-02 -0.12902E-02 -0.40525E-02 -0.30257E-02 -0.83100E-02
   0.30161E-03  0.32395E-03 -0.47132E-03 -0.20602E-02 -0.18368E-02 -0.32098E-03  0.14958E-02  0.20095E-02  0.19364E-03  0.24056E-02
         2880
  0.18922E+00  0.53417E-01  0.27232E-01  0.26741E-01  0.28891E-01  0.24964E-01  0.17623E-01  0.12522E-01  0.10394E-01  0.95212E-02
  0.87894E-02  0.81515E-02  0.70226E-02  0.54160E-02
   0.96322E-03 -0.25506E-02 -0.35129E-02 -0.24882E-02  0.19676E-02  0.83004E-02  0.63799E-02 -0.36998E-02 -0.10891E-01  0.12799E-02
   0.17972E-02  0.53515E-04 -0.36378E-03  0.71401E-03  0.20799E-02  0.19810E-02 -0.12195E-02 -0.36904E-02 -0.25799E-02 -0.78584E-02
   0.32064E-03  0.39599E-03 -0.46497E-03 -0.21100E-02 -0.19363E-02 -0.37210E-03  0.14726E-02  0.19575E-02  0.16073E-03  0.24271E-02
